miRNA_id	A1	B1	A2	B2	A3	C1	C2	length
miRNA0001	309	54	230	33	90	38	232	21
miRNA0002	150646	44347	215166	39495	175803	200926	322302	21
miRNA0003	113	14	94	3	30	61	145	21
miRNA0004	180225	64455	216404	24598	173905	207556	196670	21
miRNA0005	309	54	230	33	90	38	232	21
miRNA0006	343757	133429	446425	88082	363289	788441	909531	21
miRNA0007	603	124	337	83	139	509	1013	21
miRNA0008	6050	2718	13951	3224	8224	23322	19693	21
miRNA0009	50	5	56	9	26	18	44	21
miRNA0010	8946	1896	16951	1828	10634	9168	6086	21
miRNA0011	67	5	48	7	16	15	46	21
miRNA0012	119791	29581	183043	42633	137135	130249	301057	21
miRNA0013	7	1	19	0	12	6	4	21
miRNA0014	6545	2227	19117	3728	9163	21592	34337	21
miRNA0015	16	6	44	3	17	8	5	21
miRNA0016	3375	1048	4932	969	3359	3740	7676	21
miRNA0017	34	4	46	10	12	6	14	21
miRNA0018	7927	546354	3246	789901	3404	1248	8700	21
miRNA0019	17980	547175	14115	790812	20020	15007	29018	21
miRNA0020	23554	546354	35913	789901	24755	16475	23611	21
miRNA0021	11	1	20	0	14	1	8	21
miRNA0022	3002	1374	2152	741	2408	8957	11734	21
miRNA0023	1689	1660	784	1319	1191	3226	12048	21
miRNA0024	1	4	5	4	6	17	13	21
miRNA0025	10457	4908	10533	4208	9203	4380	9746	21
miRNA0026	6	0	1	0	2	4	4	21
miRNA0027	17261	2824	14115	1703	15142	7119	6791	21
miRNA0028	9	1	6	0	7	2	9	21
miRNA0029	0	0	0	0	0	0	0	21
miRNA0030	0	0	0	0	0	0	0	21
miRNA0031	0	0	0	0	0	0	0	21
miRNA0032	154	5	113	6	94	2	1	21
miRNA0033	556	80	277	44	275	120	112	21
miRNA0034	11147	1194	12583	862	10183	889	1265	21
miRNA0035	236	62	225	38	219	173	204	21
miRNA0036	0	0	2	0	0	0	1	21
miRNA0037	13	2	11	5	24	6	22	21
miRNA0038	2329	977	2241	1032	2332	7205	13577	21
miRNA0039	6	0	1	1	6	2	9	21
miRNA0040	799	491	496	592	545	3499	10066	21
miRNA0041	0	0	0	0	0	0	0	21
miRNA0042	14	0	21	5	13	0	1	21
miRNA0043	2	0	4	0	2	0	0	21
miRNA0044	0	0	0	0	0	0	0	21
miRNA0045	0	0	0	0	0	0	0	21
miRNA0046	1	0	0	0	0	0	1	21
miRNA0047	0	1	0	0	0	0	0	21
miRNA0048	0	0	0	0	0	0	0	21
miRNA0049	47	3	58	2	56	7	8	21
miRNA0050	0	0	0	0	0	0	1	21
miRNA0051	0	0	0	0	0	0	0	21
miRNA0052	0	0	0	0	0	0	0	21
miRNA0053	0	3	1	3	1	7	51	21
miRNA0054	0	0	0	0	0	0	0	21
miRNA0055	13	2	12	5	9	1	3	21
miRNA0056	0	0	0	0	0	0	0	21
miRNA0057	2	0	1	0	1	0	1	21
miRNA0058	6	1	7	0	3	0	0	21
miRNA0059	0	0	0	0	0	0	0	21
miRNA0060	1	0	3	2	4	1	0	21
miRNA0061	0	2	0	0	0	1	2	21
miRNA0062	0	0	0	0	0	0	0	21
miRNA0063	12	1	23	0	15	0	2	21
miRNA0064	0	0	0	0	0	0	0	21
miRNA0065	2	1	0	1	0	0	0	21
miRNA0066	0	3	1	5	4	0	0	21
miRNA0067	0	0	0	0	0	0	2	21
miRNA0068	17	2	12	4	6	13	52	21
miRNA0069	0	0	0	0	0	0	0	21
miRNA0070	1	2	0	1	0	0	1	21
miRNA0071	0	0	0	0	0	0	0	21
miRNA0072	4	0	7	0	2	1	1	21
miRNA0073	85	6	155	21	102	123	120	21
miRNA0074	3586	1006	4263	727	2092	6376	7883	21
miRNA0075	392	46	299	31	398	111	192	21
miRNA0076	9678	3796	8385	1372	7684	11529	18205	21
miRNA0077	191	92	264	70	165	15007	13683	21
miRNA0078	94	21	51	26	43	1157	2764	21
miRNA0079	411	2555	294	573	226	11543	16551	21
miRNA0080	17	168	24	34	11	150	296	21
miRNA0081	0	0	0	0	0	0	0	21
miRNA0082	20	5	22	5	7	3	22	21
miRNA0083	189	680	131	1096	99	89	199	21
miRNA0084	20	25	10	10	16	2	0	21
miRNA0085	3	0	7	3	1	0	0	21
miRNA0086	78	3	70	3	54	1	2	21
miRNA0087	0	0	0	0	0	0	0	21
miRNA0088	0	2	0	0	1	0	0	21
miRNA0089	8893	2370	9575	1743	5414	4565	8564	21
miRNA0090	40	4	65	4	17	12	45	21
miRNA0091	1438	355	1430	221	984	7	13	21
miRNA0092	48	6	70	6	33	0	1	21
miRNA0093	144	53	244	35	179	64	57	21
miRNA0094	3	0	4	0	4	0	1	21
miRNA0095	313	2454	303	3524	101	35	195	21
miRNA0096	15	147	7	180	11	0	1	21
miRNA0097	943	819	745	1164	326	33	133	21
miRNA0098	392	63	1023	37	605	2	3	21
miRNA0099	0	0	2	0	0	0	3	21
miRNA0100	208	86	165	31	286	1671	4120	21
miRNA0101	1	0	0	0	0	0	0	21
miRNA0102	2	4	1	1	2	0	0	21
miRNA0103	0	0	1	0	0	0	0	21
miRNA0104	0	0	0	0	0	0	0	21
miRNA0105	34	103	17	36	19	100	293	21
miRNA0106	134	432	245	104	117	407	1038	21
miRNA0107	0	1	1	3	3	0	0	21
miRNA0108	0	0	0	0	0	0	0	21
miRNA0109	1	2	2	2	1	1	0	21
miRNA0110	21	28	47	33	38	16	23	21
miRNA0111	7	0	3	0	1	1	8	21
miRNA0112	213	135	200	54	85	381	351	21
miRNA0113	17980	5924	12373	3890	20020	3968	4506	21
miRNA0114	1821	394	2571	697	2305	470	749	21
miRNA0115	0	0	1	1	1	0	0	21
miRNA0116	0	0	0	0	1	0	0	21
miRNA0117	249	22	461	28	139	20	81	21
miRNA0118	97	5	94	4	37	8	21	21
miRNA0119	2320	10752	2793	12419	2756	10125	29018	21
miRNA0120	2	14	15	8	7	17	21	21
miRNA0121	0	0	0	0	0	1	0	21
miRNA0122	3	1	1	5	1	87	137	21
miRNA0123	56	17	125	26	64	48	140	21
miRNA0124	30	103	75	156	28	1016	2939	21
miRNA0125	0	0	0	0	0	0	0	21
miRNA0126	102	13	73	6	27	204	585	21
miRNA0127	0	0	0	0	0	0	0	21
miRNA0128	176	46	165	75	144	249	805	21
miRNA0129	4	0	7	1	0	0	0	21
miRNA0130	3	0	9	1	2	0	0	21
miRNA0131	8350	3996	6686	3344	5807	3998	8393	21
miRNA0132	134	7	109	13	83	15	23	21
miRNA0133	1324	437	2050	447	1324	504	860	21
miRNA0134	249	36	330	63	256	58	108	21
miRNA0135	5	0	7	0	4	1	0	21
miRNA0136	4357	1139	3517	928	1435	1333	2224	21
miRNA0137	0	0	0	0	0	0	1	21
miRNA0138	13	0	10	0	3	360	616	21
miRNA0139	8146	1150	4989	788	5933	1447	1898	21
miRNA0140	860	291	1147	263	900	1138	1436	21
miRNA0141	1088	2875	1244	2569	980	4955	6446	21
miRNA0142	12	14	21	9	11	5	9	21
miRNA0143	1	0	0	0	0	0	1	21
miRNA0144	0	0	0	0	0	0	0	21
miRNA0145	1	0	3	1	3	40	115	21
miRNA0146	4	7	4	2	4	58	186	21
miRNA0147	2	0	1	0	2	0	9	21
miRNA0148	1444	101	1579	73	939	224	476	21
miRNA0149	0	2	4	0	1	0	1	21
miRNA0150	1719	83	1815	41	1644	281	549	21
miRNA0151	79	7	107	12	42	21	75	21
miRNA0152	939	117	1125	47	563	533	983	21
miRNA0153	144	4	63	4	55	14	29	21
miRNA0154	2553	487	4277	325	1995	7793	9090	21
miRNA0155	437	119	665	44	321	67	46	21
miRNA0156	23554	2314	35913	1521	24755	1308	1438	21
miRNA0157	261	50	207	30	171	109	140	21
miRNA0158	115	86	42	104	59	537	459	21
miRNA0159	6	2	3	1	2	0	1	21
miRNA0160	128	29	72	31	99	185	201	21
miRNA0161	110	23	87	17	98	25	41	21
miRNA0162	148	11	157	40	123	587	650	21
miRNA0163	7	0	2	0	4	1	1	21
miRNA0164	1388	129	759	111	1145	944	1415	21
miRNA0165	13	0	13	0	8	0	0	21
miRNA0166	19446	2418	11186	1397	11096	4	15	21
miRNA0167	392	2	196	4	204	1	0	21
miRNA0168	17934	1640	11008	925	13711	11	7	21
miRNA0169	8	8	11	23	9	44	94	21
miRNA0170	370	473	387	357	410	1386	2258	21
miRNA0171	33	3	4	0	10	10	35	21
miRNA0172	0	0	0	0	0	0	0	21
miRNA0173	1	1	2	0	4	1	4	21
miRNA0174	61	8	85	7	63	23	61	21
miRNA0175	126	1	249	5	109	7	17	21
miRNA0176	7047	427	13451	1298	6995	1741	2394	21
miRNA0177	8	2	14	0	3	2	3	21
miRNA0178	1	0	2	0	1	2	0	21
miRNA0179	0	3	5	1	2	1	3	21
miRNA0180	211	88	1067	41	643	152	257	21
miRNA0181	0	0	0	0	0	0	0	21
miRNA0182	0	0	0	0	0	0	0	21
miRNA0183	0	0	0	0	0	0	0	21
miRNA0184	0	0	0	0	0	0	0	21
miRNA0185	0	0	0	0	0	0	0	21
miRNA0186	0	0	0	0	0	0	0	21
miRNA0187	0	0	0	0	2	0	0	21
miRNA0188	0	0	0	0	0	0	0	21
miRNA0189	0	0	0	0	0	0	0	21
miRNA0190	0	0	0	0	0	0	0	21
miRNA0191	0	0	0	0	0	0	0	21
miRNA0192	0	0	0	0	0	0	0	21
miRNA0193	0	0	0	0	0	0	0	21
miRNA0194	0	0	0	0	0	0	0	21
miRNA0195	0	0	0	0	0	0	0	21
miRNA0196	0	0	0	0	0	0	0	21
miRNA0197	160	13	183	4	86	2	18	21
miRNA0198	8304	814	16697	594	8909	108	123	21
miRNA0199	0	0	0	0	0	0	0	21
miRNA0200	2	1	6	0	5	0	0	21
miRNA0201	6	1	2	0	2	10	29	21
miRNA0202	632	178	975	473	487	280	1584	21
miRNA0203	0	0	0	0	0	0	0	21
miRNA0204	0	0	0	0	0	0	0	21
miRNA0205	0	0	0	0	0	0	0	21
miRNA0206	0	0	0	0	0	0	0	21
miRNA0207	0	0	0	0	0	0	0	21
miRNA0208	0	0	0	0	0	0	0	21
miRNA0209	0	0	0	0	0	0	0	21
miRNA0210	0	0	0	0	0	0	0	21
miRNA0211	0	0	0	0	0	0	0	21
miRNA0212	0	0	0	0	0	0	0	21
miRNA0213	0	0	0	0	0	0	0	21
miRNA0214	0	0	0	0	0	0	0	21
miRNA0215	0	0	0	0	0	0	1	21
miRNA0216	0	0	0	0	0	0	0	21
miRNA0217	0	0	0	0	0	0	0	21
miRNA0218	0	0	0	0	0	0	0	21
miRNA0219	1	2	8	1	2	0	1	21
miRNA0220	26	17	23	35	30	7	9	21
miRNA0221	11	3	26	2	12	5	13	21
miRNA0222	3772	1013	4284	1073	2761	7829	8884	21
miRNA0223	0	0	0	0	0	0	2	21
miRNA0224	601	185	462	216	504	279	614	21
miRNA0225	0	0	3	0	1	1	0	21
miRNA0226	0	0	0	0	0	0	0	21
miRNA0227	0	0	0	0	0	0	0	21
miRNA0228	0	0	0	0	0	0	0	21
miRNA0229	0	0	1	0	1	0	0	21
miRNA0230	61	4	35	11	45	1	6	21
miRNA0231	196	49	377	124	178	0	9	21
miRNA0232	207	11	188	19	203	12	36	21
miRNA0233	0	0	0	0	0	0	0	21
miRNA0234	1	1	3	3	0	1	0	21
miRNA0235	4	0	1	0	6	0	0	21
miRNA0236	0	0	0	0	0	0	0	21
miRNA0237	3	0	1	0	2	1	0	21
miRNA0238	0	0	0	0	0	0	0	21
miRNA0239	1	0	2	0	1	0	0	21
miRNA0240	3	0	0	2	3	0	1	21
miRNA0241	20	3	39	3	21	24	29	21
miRNA0242	8	0	3	0	4	4	2	21
miRNA0243	11	1	15	3	14	8	9	21
miRNA0244	0	0	0	0	0	0	0	21
miRNA0245	0	0	1	0	1	0	0	21
miRNA0246	0	0	0	0	0	0	0	21
miRNA0247	0	0	0	0	0	0	0	21
miRNA0248	155	3	73	7	79	86	129	21
miRNA0249	0	0	0	0	0	0	0	21
miRNA0250	154	3	73	6	78	86	129	21
miRNA0251	1	0	0	0	0	0	0	21
miRNA0252	0	0	0	0	0	0	0	21
miRNA0253	2	0	2	0	1	0	1	21
miRNA0254	2	2	5	0	1	0	0	21
miRNA0255	0	0	0	0	0	0	0	21
miRNA0256	0	0	0	0	1	1	6	21
miRNA0257	62	18	97	34	24	286	331	21
miRNA0258	4	1	12	1	5	9	23	21
miRNA0259	409	330	444	522	332	416	732	21
miRNA0260	339	57	408	60	343	454	808	21
miRNA0261	0	0	0	0	0	0	0	21
miRNA0262	5	0	5	0	8	9	13	21
miRNA0263	5	0	4	0	5	4	2	21
miRNA0264	0	1	1	0	1	6	2	21
miRNA0265	0	0	0	0	0	0	0	21
miRNA0266	0	0	0	0	0	0	0	21
miRNA0267	0	0	0	0	0	0	0	21
miRNA0268	100	13	70	3	112	15	32	21
miRNA0269	409	330	444	522	332	416	732	21
miRNA0270	339	57	408	60	343	454	595	21
miRNA0271	2	0	4	0	1	0	0	21
miRNA0272	0	0	0	0	0	0	0	21
miRNA0273	0	0	0	0	0	0	0	21
miRNA0274	3	0	7	0	6	1	0	21
miRNA0275	0	0	1	0	0	0	0	21
miRNA0276	0	0	3	0	0	0	0	21
miRNA0277	1	0	0	0	0	0	0	21
miRNA0278	0	0	0	0	0	1	0	21
miRNA0279	0	0	0	0	0	0	0	21
miRNA0280	0	0	2	0	1	0	0	21
miRNA0281	5	1	1	0	2	3	4	21
miRNA0282	0	0	0	0	0	0	0	21
miRNA0283	0	0	0	0	0	0	0	21
miRNA0284	530	80	434	85	278	16475	23611	21
miRNA0285	0	0	1	0	0	0	0	21
miRNA0286	1	1	2	0	1	0	0	21
miRNA0287	1	0	0	0	1	0	0	21
miRNA0288	0	0	0	0	0	0	0	21
miRNA0289	0	0	0	0	0	0	0	21
miRNA0290	0	0	0	0	0	0	0	21
miRNA0291	0	0	0	0	0	0	0	21
miRNA0292	3	0	4	1	2	0	0	21
miRNA0293	16	0	14	0	16	3	2	21
miRNA0294	1	0	1	0	2	0	0	21
miRNA0295	6	4	31	0	21	1	4	21
miRNA0296	3	0	2	0	3	0	0	21
miRNA0297	0	0	0	0	0	0	0	21
miRNA0298	0	0	1	0	1	0	1	21
miRNA0299	0	0	0	0	0	0	0	21
miRNA0300	0	0	0	0	0	0	0	21
miRNA0301	4	1	1	0	3	1	0	21
miRNA0302	4	1	1	0	3	1	0	21
miRNA0303	0	0	0	0	0	0	0	21
miRNA0304	1	0	0	0	0	0	1	21
miRNA0305	0	0	0	0	0	0	0	21
miRNA0306	2	0	5	0	2	0	2	21
miRNA0307	0	0	0	0	0	0	0	21
miRNA0308	0	0	0	0	0	0	0	21
miRNA0309	0	0	0	0	0	0	0	21
miRNA0310	0	0	0	0	0	0	0	21
miRNA0311	0	0	0	0	0	0	0	21
miRNA0312	0	1	0	0	0	0	0	21
miRNA0313	29	0	14	0	27	2	3	21
miRNA0314	2	0	10	0	2	1	1	21
miRNA0315	6	0	8	0	8	0	0	21
miRNA0316	0	0	0	0	0	0	0	21
miRNA0317	0	0	0	0	0	0	0	21
miRNA0318	0	0	0	0	0	0	0	21
miRNA0319	2	0	0	0	0	0	0	21
miRNA0320	0	0	0	0	0	0	0	21
miRNA0321	0	0	0	0	0	0	0	21
miRNA0322	3	6	1	2	1	0	1	21
miRNA0323	0	0	1	0	0	0	0	21
miRNA0324	10	4	9	1	5	0	1	21
miRNA0325	54	26	40	20	39	8	4	21
miRNA0326	11762	4134	15498	2263	13953	4231	6229	21
miRNA0327	5	0	2	0	2	0	1	21
miRNA0328	6712	2368	7662	1746	6626	2571	5364	21
miRNA0329	0	0	0	0	0	0	0	21
miRNA0330	0	0	0	0	0	0	0	21
miRNA0331	0	0	0	0	0	0	0	21
miRNA0332	0	0	0	0	2	0	0	21
miRNA0333	0	0	0	0	0	0	0	21
miRNA0334	0	0	0	0	0	0	0	21
miRNA0335	5	4	5	0	0	3	8	21
miRNA0336	465	405	433	209	456	416	558	21
miRNA0337	1	0	3	1	1	0	2	21
miRNA0338	0	0	1	0	0	0	0	21
miRNA0339	207	43	192	46	140	0	0	21
miRNA0340	61	9	71	10	57	0	0	21
miRNA0341	803	1309	992	1571	537	3903	6584	21
miRNA0342	605	856	861	502	297	653	1076	21
miRNA0343	797	1291	987	1565	527	3891	6556	21
miRNA0344	1	5	1	3	4	2	12	21
miRNA0345	1016	61	1466	81	700	22	67	21
miRNA0346	4	0	15	0	4	0	0	21
miRNA0347	2611	184	3061	207	1350	286	985	21
miRNA0348	262	18	501	17	217	52	83	21
miRNA0349	0	0	0	0	1	0	0	21
miRNA0350	0	1	0	0	0	0	0	21
miRNA0351	2	1	0	0	1	0	5	21
miRNA0352	0	0	0	0	0	0	0	21
miRNA0353	7	6	4	5	10	2	9	21
miRNA0354	0	0	0	0	0	0	0	21
miRNA0355	0	0	0	0	0	2	0	21
miRNA0356	0	0	0	0	0	0	0	21
miRNA0357	0	0	0	0	0	0	0	21
miRNA0358	0	0	0	0	0	0	0	21
miRNA0359	121	84	84	97	80	549	1733	21
miRNA0360	0	0	1	0	0	1	3	21
miRNA0361	0	0	0	0	0	1	2	21
miRNA0362	0	1	0	0	0	10	50	21
miRNA0363	0	0	0	0	2	0	0	21
miRNA0364	2	9	4	9	2	2	0	21
miRNA0365	930271	2848896	688981	2555548	921212	32403	77504	21
miRNA0366	186	7	177	2	67	1	11	21
miRNA0367	0	0	0	0	0	0	0	21
miRNA0368	0	0	0	0	0	0	0	21
miRNA0369	0	0	0	0	0	0	0	21
miRNA0370	0	0	0	1	0	0	0	21
miRNA0371	0	26	0	36	1	0	1	21
miRNA0372	0	0	0	0	0	0	0	21
miRNA0373	70	15	205	20	65	77	83	21
miRNA0374	37092	4252	68108	2867	34481	1611	1669	21
miRNA0375	0	0	0	0	0	0	1	21
miRNA0376	183	14	142	5	90	2	4	21
miRNA0377	388	55	578	11	309	11	5	21
miRNA0378	891435	242424	961064	138650	726590	5314	8286	21
miRNA0379	141	1312	141	1178	94	36	54	21
miRNA0380	16	60	27	33	8	2	1	21
miRNA0381	0	0	0	0	0	0	0	21
miRNA0382	0	0	0	0	0	0	0	21
miRNA0383	15	2	15	2	11	9	7	21
miRNA0384	14	3	8	1	8	6	3	21
miRNA0385	0	0	1	0	0	0	0	21
miRNA0386	0	0	0	0	0	0	0	21
miRNA0387	0	0	0	0	0	0	0	21
miRNA0388	0	0	0	0	0	0	0	21
miRNA0389	0	0	0	0	0	0	0	21
miRNA0390	0	0	0	0	0	0	0	21
miRNA0391	0	0	0	0	0	0	0	21
miRNA0392	10	7	3	4	1	4	2	21
miRNA0393	0	0	0	0	0	0	0	21
miRNA0394	0	0	0	0	0	0	0	21
miRNA0395	0	0	0	0	0	0	0	21
miRNA0396	0	0	0	0	0	0	0	21
miRNA0397	0	0	0	0	0	0	0	21
miRNA0398	0	0	1	0	0	0	0	21
miRNA0399	0	0	0	0	0	0	0	21
miRNA0400	0	0	0	0	0	0	0	21
miRNA0401	77	59	93	55	45	620	293	21
miRNA0402	24	41	81	17	21	18	75	21
miRNA0403	0	0	0	0	0	0	0	21
miRNA0404	0	0	0	0	0	0	0	21
miRNA0405	0	0	0	0	0	0	0	21
miRNA0406	0	0	0	0	0	0	0	21
miRNA0407	1776	145	562	251	407	331	361	21
miRNA0408	10	6	2	0	2	3	5	21
miRNA0409	0	0	0	0	0	0	0	21
miRNA0410	0	0	0	0	0	0	0	21
miRNA0411	0	0	0	0	0	0	0	21
miRNA0412	0	0	0	0	0	0	0	21
miRNA0413	0	0	0	0	0	0	0	21
miRNA0414	230	72	59	63	47	50	54	21
miRNA0415	0	0	0	0	0	0	0	21
miRNA0416	0	0	0	0	0	0	0	21
miRNA0417	0	0	0	0	0	0	0	21
miRNA0418	10	4	10	18	11	5	16	21
miRNA0419	0	0	0	0	0	0	0	21
miRNA0420	0	0	0	0	0	0	0	21
miRNA0421	0	0	0	0	1	0	0	21
miRNA0422	0	0	0	1	0	7	7	21
miRNA0423	0	0	0	0	0	0	0	21
miRNA0424	0	0	0	0	0	0	0	21
miRNA0425	0	0	0	0	0	1	1	21
miRNA0426	12	5	13	6	9	11	39	21
miRNA0427	0	0	0	0	0	0	0	21
miRNA0428	0	0	0	0	0	0	0	21
miRNA0429	0	0	0	0	0	0	0	21
miRNA0430	0	0	0	0	0	0	0	21
miRNA0431	27	3	25	0	29	4	3	21
miRNA0432	11	2	18	0	4	2	5	21
miRNA0433	3331	4058	6820	4815	4277	6319	13323	21
miRNA0434	1117	491	1275	815	1020	437	987	21
miRNA0435	0	0	0	0	0	0	0	21
miRNA0436	0	0	0	0	0	0	0	21
miRNA0437	2233	242	2819	265	2262	458	896	21
miRNA0438	503	19	778	25	546	609	468	21
miRNA0439	1492	77	2293	76	1267	349	489	21
miRNA0440	301	10	375	7	301	105	51	21
miRNA0441	0	0	0	0	0	3	11	21
miRNA0442	0	0	0	0	0	0	1	21
miRNA0443	0	0	0	1	0	1	2	21
miRNA0444	76	91	76	50	70	135	470	21
miRNA0445	10632	3443	9137	6157	6472	7516	21092	21
miRNA0446	46	1	33	2	25	27	40	21
miRNA0447	4159	4702	4680	5951	2655	13442	29499	21
miRNA0448	11	1	41	2	19	11	20	21
miRNA0449	88037	52454	195155	54989	81203	181476	309277	21
miRNA0450	2969	1937	6036	1456	3554	499	1025	21
miRNA0451	5698	671	2484	647	2898	1465	2509	21
miRNA0452	9	0	15	0	3	2	2	21
miRNA0453	25	4	25	6	11	2	26	21
miRNA0454	1449	1102	2072	1966	918	35977	104291	21
miRNA0455	20	4	27	5	10	18	36	21
miRNA0456	1704	383	2751	805	1257	6582	23791	21
miRNA0457	9294	3353	10848	2041	7758	1187	2532	21
miRNA0458	2481	121	1784	75	1955	763	1425	21
miRNA0459	12036	8670	13247	7442	8924	9818	20371	21
miRNA0460	793	150	1066	140	909	251	354	21
miRNA0461	2968	1065	2173	620	3125	648	1142	21
miRNA0462	508	380	1076	483	744	425	533	21
miRNA0463	0	0	0	0	0	0	0	21
miRNA0464	0	0	0	0	0	0	0	21
miRNA0465	0	0	0	0	0	0	0	21
miRNA0466	0	0	0	0	0	0	0	21
miRNA0467	0	0	0	0	0	0	0	21
miRNA0468	0	0	0	0	0	0	0	21
miRNA0469	0	0	0	0	0	0	0	21
miRNA0470	0	0	0	0	0	0	0	21
miRNA0471	0	1	0	0	0	0	0	21
miRNA0472	0	0	0	0	0	0	0	21
miRNA0473	0	0	0	0	0	0	0	21
miRNA0474	0	0	0	0	0	0	0	21
miRNA0475	1	0	0	0	1	0	0	21
miRNA0476	0	0	0	0	0	0	0	21
miRNA0477	105	9	75	4	89	2	1	21
miRNA0478	24	8	9	14	4	3	4	21
miRNA0479	18	2	30	1	22	0	0	21
miRNA0480	19	4	30	2	21	0	0	21
miRNA0481	7	1	4	0	0	0	4	21
miRNA0482	5	0	2	0	0	0	1	21
miRNA0483	0	1	0	0	0	0	0	21
miRNA0484	6	1	9	1	5	1	1	21
miRNA0485	0	0	4	0	0	0	0	21
miRNA0486	7	6	8	3	7	0	0	21
miRNA0487	5	21	5	5	7	228	353	21
miRNA0488	12	9	3	2	2	98	437	21
miRNA0489	12881	4200	14733	3495	8126	5209	9262	21
miRNA0490	1462	106	1632	110	1138	40	94	21
miRNA0491	6637	2395	24052	1795	7082	192	414	21
miRNA0492	11	0	5	1	6	4	9	21
miRNA0493	72	28	35	15	44	111	299	21
miRNA0494	26	2	15	2	13	19	43	21
miRNA0495	42	402	38	76	72	415	588	21
miRNA0496	1	2	0	0	0	5	6	21
miRNA0497	409	125	634	139	249	86	221	21
miRNA0498	27	2	26	5	15	1	0	21
miRNA0499	81	37	95	23	55	0	2	21
miRNA0500	3	0	3	0	0	0	0	21
miRNA0501	0	0	0	0	0	0	0	21
miRNA0502	0	0	0	0	0	0	0	21
miRNA0503	0	0	0	0	0	0	0	21
miRNA0504	0	0	0	0	0	0	0	21
miRNA0505	0	0	0	0	0	0	0	21
miRNA0506	0	0	0	0	0	0	0	21
miRNA0507	0	0	0	0	0	0	0	21
miRNA0508	0	0	0	0	0	0	0	21
miRNA0509	2615	977	1611	1062	1530	1684	2110	21
miRNA0510	11838	9918	8622	8261	5508	8090	21013	21
miRNA0511	1	0	1	0	1	0	0	21
miRNA0512	2308	348	3320	374	1478	3337	11432	21
miRNA0513	528	120	498	88	345	212	300	21
miRNA0514	5127	1484	8935	1467	3203	5607	17585	21
miRNA0515	52	6	30	2	11	9	24	21
miRNA0516	8857	2389	7921	3443	4214	13653	27011	21
miRNA0517	3608	644	2146	656	2269	1115	1775	21
miRNA0518	8323	4069	8433	4054	5690	4815	14083	21
miRNA0519	178	18	108	19	39	0	1	21
miRNA0520	2459	1442	10024	1946	1832	55	25	21
miRNA0521	11	1	12	0	10	0	2	21
miRNA0522	229	172	415	139	200	83	291	21
miRNA0523	483	75	593	91	407	1521	1622	21
miRNA0524	0	0	0	0	0	2	8	21
miRNA0525	37	136	107	176	59	32	18	21
miRNA0526	1729	1467	2956	1161	1899	394	596	21
miRNA0527	0	4	2	1	0	5	18	21
miRNA0528	0	0	1	0	0	0	0	21
miRNA0529	81	13	144	14	62	42	42	21
miRNA0530	57	18	63	21	42	11	46	21
miRNA0531	0	0	0	0	0	0	0	21
miRNA0532	0	0	0	0	0	0	0	21
miRNA0533	2	1	5	1	2	50	85	21
miRNA0534	0	0	0	0	0	0	0	21
miRNA0535	0	0	0	0	0	0	0	21
miRNA0536	0	0	0	0	0	0	0	21
miRNA0537	59	111	36	114	11	240	457	21
miRNA0538	3	0	0	1	0	0	0	21
miRNA0539	23	30	25	19	4	206	818	21
miRNA0540	5	2	2	5	2	57	117	21
miRNA0541	4	2	5	0	4	4	12	21
miRNA0542	11	16	13	14	6	2	11	21
miRNA0543	36	16	73	28	33	87	102	21
miRNA0544	30	21	19	15	29	23	61	21
miRNA0545	31	3	18	4	29	5	13	21
miRNA0546	16	4	21	1	17	3	3	21
miRNA0547	1254	38	1448	13	956	115	398	21
miRNA0548	753	1608	1604	2417	903	2904	4089	21
miRNA0549	1	5	4	0	2	21	81	21
miRNA0550	0	0	0	0	0	6	3	21
miRNA0551	25	1	23	0	19	61	172	21
miRNA0552	52	1	27	1	45	120	170	21
miRNA0553	30	14	48	19	15	30	44	21
miRNA0554	75	60	113	54	51	54	119	21
miRNA0555	13	2	32	10	19	28	30	21
miRNA0556	88	11	170	31	118	53	126	21
miRNA0557	1	11	2	1	2	16	30	21
miRNA0558	0	0	0	0	0	0	0	21
miRNA0559	1345	464	2639	357	1663	1613	1680	21
miRNA0560	393	43	384	22	350	129	145	21
miRNA0561	0	0	0	0	0	0	0	21
miRNA0562	0	0	0	0	0	0	0	21
miRNA0563	5	5	8	1	5	1	0	21
miRNA0564	0	0	0	0	0	0	0	21
miRNA0565	867	101	704	88	827	131	155	21
miRNA0566	218	22	277	34	129	79	235	21
miRNA0567	0	0	0	0	0	0	0	21
miRNA0568	0	0	0	0	0	0	0	21
miRNA0569	1	0	1	0	1	1	0	21
miRNA0570	36	29	59	26	36	6	29	21
miRNA0571	66	70	66	57	53	8	17	21
miRNA0572	46	63	77	43	51	2	5	21
miRNA0573	43	95	72	56	46	3	1	21
miRNA0574	6132	7740	9454	5188	7148	298	247	21
miRNA0575	342	53	397	84	145	63	302	21
miRNA0576	18	7	41	4	31	5	3	21
miRNA0577	57	27	120	22	99	2	3	21
miRNA0578	355	232	323	197	191	13	13	21
miRNA0579	22	5	36	8	14	16	30	21
miRNA0580	232	42	455	89	247	257	544	21
miRNA0581	172	38	144	161	119	48	170	21
miRNA0582	3594	436	6026	443	5079	907	1002	21
miRNA0583	0	0	0	0	0	0	1	21
miRNA0584	0	0	0	0	0	0	0	21
miRNA0585	195	165	218	772	66	247	934	21
miRNA0586	422	16	228	5	308	15	12	21
miRNA0587	0	0	0	0	0	0	0	21
miRNA0588	0	0	0	0	0	0	0	21
miRNA0589	78	208	57	89	70	157	638	21
miRNA0590	3	20	4	5	6	53	79	21
miRNA0591	14	16	10	1	19	76	138	21
miRNA0592	2	0	1	0	4	13	13	21
miRNA0593	76	3	69	1	33	1	4	21
miRNA0594	844	85	1213	155	631	194	410	21
miRNA0595	0	0	0	0	0	0	0	21
miRNA0596	0	0	0	0	0	0	0	21
miRNA0597	3	36	11	8	5	24	40	21
miRNA0598	17	70	17	23	18	75	332	21
miRNA0599	0	2	5	0	1	72	175	21
miRNA0600	20	33	31	10	13	257	1273	21
miRNA0601	65	270	107	125	57	433	853	21
miRNA0602	0	0	0	1	0	12	57	21
miRNA0603	16	42	22	15	13	133	365	21
miRNA0604	1	0	1	0	0	4	4	21
miRNA0605	374553	290022	233154	385085	404147	76105	111555	21
miRNA0606	110	167	157	148	125	123	221	21
miRNA0607	1	12	7	1	4	123	274	21
miRNA0608	1032	2837	905	908	813	8456	33619	21
miRNA0609	3	9	7	4	8	29	63	21
miRNA0610	26	283	23	51	49	119	224	21
miRNA0611	152	3359	195	624	97	1298	1582	21
miRNA0612	0	0	0	0	0	0	4	21
miRNA0613	7	11	3	6	12	60	111	21
miRNA0614	59	162	57	26	68	555	1278	21
miRNA0615	0	0	0	0	0	0	0	21
miRNA0616	0	0	1	0	0	2	0	21
miRNA0617	0	0	0	0	0	0	1	21
miRNA0618	0	0	0	0	0	1	6	21
miRNA0619	18	9	15	10	38	119	225	21
miRNA0620	3	14	3	1	2	65	102	21
miRNA0621	12	131	23	37	39	240	350	21
miRNA0622	0	0	0	0	2	15	12	21
miRNA0623	6	61	17	21	13	327	488	21
miRNA0624	79	387	150	101	98	3468	3095	21
miRNA0625	0	1	0	0	1	0	6	21
miRNA0626	1	0	0	0	0	1	4	21
miRNA0627	33	13	114	14	45	7	13	21
miRNA0628	1	0	3	0	1	0	1	21
miRNA0629	2603	339	3365	343	1967	757	862	21
miRNA0630	586	111	1228	206	269	835	1050	21
miRNA0631	41	24	45	17	36	24	17	21
miRNA0632	820	491	1501	591	914	640	769	21
miRNA0633	0	0	0	1	0	0	0	21
miRNA0634	0	0	0	0	0	0	0	21
miRNA0635	4	9	2	0	4	13	25	21
miRNA0636	0	3	0	0	1	1	4	21
miRNA0637	0	0	0	0	0	0	0	21
miRNA0638	0	0	0	0	0	0	0	21
miRNA0639	4	53	7	5	9	125	205	21
miRNA0640	0	7	0	1	1	7	11	21
miRNA0641	258	1087	234	215	108	2615	9935	21
miRNA0642	44	394	44	72	43	577	999	21
miRNA0643	0	0	0	0	0	0	0	21
miRNA0644	0	0	0	0	0	0	1	21
miRNA0645	0	0	2	0	0	0	0	21
miRNA0646	7	0	11	0	4	0	3	21
miRNA0647	0	0	0	0	0	0	0	21
miRNA0648	0	0	0	0	0	0	0	21
miRNA0649	0	0	0	0	0	0	0	21
miRNA0650	3	1	11	1	3	2	3	21
miRNA0651	4	5	6	10	2	1	2	21
miRNA0652	51	102	76	159	61	3	23	21
miRNA0653	12	46	29	52	22	6	11	21
miRNA0654	88	32	43	14	53	0	1	21
miRNA0655	0	0	0	0	0	0	0	21
miRNA0656	0	0	0	0	0	0	0	21
miRNA0657	2	8	7	5	2	9	10	21
miRNA0658	49	23	65	40	81	38	57	21
miRNA0659	0	0	0	0	0	0	0	21
miRNA0660	0	0	0	0	0	0	0	21
miRNA0661	32	2	40	2	19	17	20	21
miRNA0662	43	7	17	4	10	2	4	21
miRNA0663	0	0	0	0	0	0	0	21
miRNA0664	0	0	0	0	0	0	0	21
miRNA0665	0	0	0	0	0	0	0	21
miRNA0666	0	0	0	0	0	0	0	21
miRNA0667	0	0	0	0	0	0	1	21
miRNA0668	1	0	0	0	0	0	0	21
miRNA0669	0	0	0	0	0	0	1	21
miRNA0670	0	0	0	0	0	0	0	21
miRNA0671	0	0	0	0	0	0	1	21
miRNA0672	0	0	0	0	0	0	0	21
miRNA0673	55	10	81	4	48	5	21	21
miRNA0674	0	1	3	0	0	0	0	21
miRNA0675	62	11	90	6	52	5	21	21
miRNA0676	8	2	16	0	3	0	1	21
miRNA0677	62	11	90	6	52	5	21	21
miRNA0678	2	2	8	1	4	2	0	21
miRNA0679	6	11	16	2	20	7	9	21
miRNA0680	0	1	7	0	6	2	0	21
miRNA0681	62	11	90	6	52	5	21	21
miRNA0682	0	1	7	0	1	0	1	21
miRNA0683	20	6	30	2	19	4	2	21
miRNA0684	4	0	2	1	3	1	0	21
miRNA0685	0	2	2	0	2	1	2	21
miRNA0686	0	0	0	0	0	0	0	21
miRNA0687	2	3	2	0	5	2	1	21
miRNA0688	7	0	12	0	2	0	2	21
miRNA0689	0	3	0	0	1	0	0	21
miRNA0690	0	0	0	0	0	0	0	21
miRNA0691	0	0	0	0	0	0	0	21
miRNA0692	0	0	0	0	0	0	0	21
miRNA0693	0	0	0	0	0	0	0	21
miRNA0694	19	1	13	0	4	1	4	21
miRNA0695	0	0	0	0	0	0	0	21
miRNA0696	0	0	0	0	0	0	0	21
miRNA0697	19	7	15	5	11	6	10	21
miRNA0698	49	32	102	18	69	39	52	21
miRNA0699	0	0	0	0	1	0	0	21
miRNA0700	49	32	102	18	69	39	52	21
miRNA0701	0	0	0	0	0	0	0	21
miRNA0702	19	5	28	4	31	2	4	21
miRNA0703	19	7	15	5	11	6	10	21
miRNA0704	12	11	13	7	10	12	22	21
miRNA0705	0	0	1	0	0	0	1	21
miRNA0706	7	2	11	3	12	6	11	21
miRNA0707	2	0	0	0	1	0	0	21
miRNA0708	0	0	0	0	0	0	0	21
miRNA0709	0	0	0	0	0	0	0	21
miRNA0710	0	0	2	0	1	1	1	21
miRNA0711	1	0	0	0	0	0	0	21
miRNA0712	0	0	0	0	0	0	0	21
miRNA0713	0	0	0	0	0	0	0	21
miRNA0714	0	0	0	0	0	0	0	21
miRNA0715	0	0	0	0	0	0	0	21
miRNA0716	0	0	0	0	0	0	0	21
miRNA0717	0	0	0	0	0	0	0	21
miRNA0718	1	0	0	0	0	0	1	21
miRNA0719	0	0	0	0	0	0	0	21
miRNA0720	0	0	0	0	0	0	0	21
miRNA0721	15	77	25	108	7	6	32	21
miRNA0722	30	104	31	139	32	2	4	21
miRNA0723	0	0	0	0	0	0	0	21
miRNA0724	719	152	841	87	418	286	392	21
miRNA0725	3	2	4	0	2	40	147	21
miRNA0726	0	0	0	0	0	1	0	21
miRNA0727	10857	9106	4974	7188	5658	5671	6090	21
miRNA0728	10349	8674	4503	6837	5130	5021	5657	21
miRNA0729	3	41	2	12	3	37	67	21
miRNA0730	0	0	0	0	0	0	0	21
miRNA0731	0	0	0	0	0	0	0	21
miRNA0732	0	0	0	0	0	0	0	21
miRNA0733	72	5	77	3	38	1546	1045	21
miRNA0734	0	0	0	0	0	0	0	21
miRNA0735	0	0	0	0	0	0	0	21
miRNA0736	0	0	0	0	0	0	0	21
miRNA0737	1	0	3	0	0	0	2	21
miRNA0738	1	0	1	2	2	0	7	21
miRNA0739	1	5	2	1	4	1	6	21
miRNA0740	6	95	14	12	16	13	49	21
miRNA0741	15	22	98	39	32	428	989	21
miRNA0742	0	0	0	0	0	1	0	21
miRNA0743	5	8	2	3	4	118	284	21
miRNA0744	0	6	1	0	1	2	14	21
miRNA0745	1	10	2	6	1	61	163	21
miRNA0746	0	0	0	0	0	1	2	21
miRNA0747	16	1	22	2	10	7	10	21
miRNA0748	176	27	128	9	104	387	687	21
miRNA0749	0	71	1	71	0	0	0	21
miRNA0750	2	89	1	118	0	0	2	21
miRNA0751	241	176	259	361	185	1584	2192	21
miRNA0752	13	10	30	16	23	6	17	21
miRNA0753	1305	217	1613	687	1642	976	1251	21
miRNA0754	284	8	516	33	380	63	95	21
miRNA0755	248	196	223	129	299	22	35	21
miRNA0756	398	121	674	107	483	10	6	21
miRNA0757	2	2	0	1	0	0	0	21
miRNA0758	7	3	2	3	1	1	4	21
miRNA0759	5	1	11	2	4	2	1	21
miRNA0760	46	7	50	3	19	11	15	21
miRNA0761	0	0	0	0	0	0	0	21
miRNA0762	0	0	0	0	0	0	0	21
miRNA0763	0	5	3	7	2	2	5	21
miRNA0764	0	0	0	0	0	0	0	21
miRNA0765	275	340	563	312	303	1830	2165	21
miRNA0766	6153	3854	4803	2318	4504	5229	7576	21
miRNA0767	0	2	5	7	0	0	8	21
miRNA0768	2	18	11	14	4	32	88	21
miRNA0769	20	49	43	21	37	268	276	21
miRNA0770	0	0	1	1	0	8	20	21
miRNA0771	3	6	4	1	7	19	35	21
miRNA0772	885	2691	911	593	785	18196	26048	21
miRNA0773	818	1237	547	941	581	6	50	21
miRNA0774	38	162	34	74	16	8	13	21
miRNA0775	1	4	5	1	2	64	120	21
miRNA0776	1	1	1	0	0	7	11	21
miRNA0777	0	4	0	1	0	1	2	21
miRNA0778	2	9	0	4	2	2	4	21
miRNA0779	0	0	0	0	0	0	0	21
miRNA0780	0	0	0	0	0	0	0	21
miRNA0781	0	1	0	1	0	2	8	21
miRNA0782	0	0	0	0	0	0	0	21
miRNA0783	0	0	0	0	0	0	0	21
miRNA0784	0	0	0	0	0	0	0	21
miRNA0785	0	0	0	0	0	0	0	21
miRNA0786	0	0	0	0	0	0	0	21
miRNA0787	55	128	52	62	17	251	371	21
miRNA0788	33	34	81	13	23	48	60	21
miRNA0789	433	187	218	132	225	58	140	21
miRNA0790	51	73	146	73	62	23	48	21
miRNA0791	0	0	0	0	0	0	0	21
miRNA0792	0	0	0	0	0	0	0	21
miRNA0793	0	0	0	0	0	0	0	21
miRNA0794	1	0	0	0	3	0	1	21
miRNA0795	9	4	5	6	11	3	5	21
miRNA0796	0	0	0	0	0	0	0	21
miRNA0797	0	0	0	0	0	0	0	21
miRNA0798	0	0	0	0	0	0	0	21
miRNA0799	310	30	490	16	189	61	92	21
miRNA0800	42	0	24	0	25	0	4	21
miRNA0801	383	115	450	87	388	189	315	21
miRNA0802	3	0	2	0	1	1	1	21
miRNA0803	3	0	2	0	0	5	17	21
miRNA0804	240	4	142	5	122	947	5034	21
miRNA0805	0	0	0	0	0	0	0	21
miRNA0806	0	0	0	0	0	0	0	21
miRNA0807	7	5	6	10	1	35	147	21
miRNA0808	93	46	48	39	63	55	55	21
miRNA0809	0	6	0	0	0	3	8	21
miRNA0810	0	0	0	0	0	0	0	21
miRNA0811	0	0	0	0	0	3	0	21
miRNA0812	0	1	0	1	0	10	13	21
miRNA0813	7	21	9	8	4	67	114	21
miRNA0814	4	8	3	2	11	26	47	21
miRNA0815	0	3	0	0	0	15	59	21
miRNA0816	0	0	3	0	0	1	1	21
miRNA0817	74	74	93	9	48	21	46	21
miRNA0818	25	16	51	5	39	4	17	21
miRNA0819	2	0	6	0	3	0	0	21
miRNA0820	18	5	43	3	18	3	0	21
miRNA0821	0	0	1	0	0	0	0	21
miRNA0822	81	21	64	3	74	9	10	21
miRNA0823	1	0	0	0	0	0	0	21
miRNA0824	0	0	0	0	0	0	0	21
miRNA0825	21	0	7	0	5	0	0	21
miRNA0826	0	0	0	0	0	0	0	21
miRNA0827	0	0	0	0	0	0	0	21
miRNA0828	9	0	10	1	4	0	0	21
miRNA0829	0	0	0	0	0	0	0	21
miRNA0830	0	0	0	0	0	0	0	21
miRNA0831	1	0	1	0	0	0	2	21
miRNA0832	1	0	1	0	0	1	1	21
miRNA0833	0	0	0	0	0	0	0	21
miRNA0834	0	0	5	0	0	0	1	21
miRNA0835	0	0	0	0	0	0	0	21
miRNA0836	0	0	0	0	0	0	1	21
miRNA0837	0	0	0	0	1	0	0	21
miRNA0838	0	0	5	0	0	0	1	21
miRNA0839	1	0	0	0	0	0	0	21
miRNA0840	21	15	49	6	34	2	6	21
miRNA0841	0	1	1	1	0	0	0	21
miRNA0842	19	5	43	4	19	3	0	21
miRNA0843	0	0	0	0	0	0	0	21
miRNA0844	0	0	0	0	0	1	0	21
miRNA0845	74	74	93	9	48	21	46	21
miRNA0846	1	1	9	1	6	2	4	21
miRNA0847	0	0	0	0	0	0	0	21
miRNA0848	0	0	0	0	0	0	0	21
miRNA0849	18	6	11	5	15	8	4	21
miRNA0850	1065	5	1048	102	875	249	266	21
miRNA0851	0	0	0	0	0	0	0	21
miRNA0852	9	0	3	0	4	2	8	21
miRNA0853	4	16	1	3	2	22	26	21
miRNA0854	10	29	6	5	6	71	127	21
miRNA0855	123	17	110	18	58	26	48	21
miRNA0856	132	37	223	36	128	167	272	21
miRNA0857	121	53	187	60	83	3	5	21
miRNA0858	3	6	14	10	4	0	0	21
miRNA0859	95	22	94	13	94	283	346	21
miRNA0860	88	43	155	21	90	211	312	21
miRNA0861	0	0	3	0	3	0	0	21
miRNA0862	18	6	10	3	8	1	2	21
miRNA0863	0	0	0	0	0	0	0	21
miRNA0864	0	0	0	0	0	0	0	21
miRNA0865	2	6	2	1	2	5	4	21
miRNA0866	3	10	5	7	8	31	59	21
miRNA0867	0	0	0	0	0	0	0	21
miRNA0868	0	0	0	0	0	0	0	21
miRNA0869	0	0	0	0	0	0	0	21
miRNA0870	0	0	0	0	0	0	0	21
miRNA0871	0	0	0	0	0	0	0	21
miRNA0872	0	0	0	0	0	0	0	21
miRNA0873	0	0	0	0	0	0	0	21
miRNA0874	0	0	0	0	0	0	0	21
miRNA0875	0	0	0	0	0	0	0	21
miRNA0876	1	0	0	0	0	0	0	21
miRNA0877	3	0	0	1	0	0	1	21
miRNA0878	0	0	0	0	0	0	0	21
miRNA0879	0	0	0	0	0	0	0	21
miRNA0880	0	0	0	0	0	0	0	21
miRNA0881	0	0	0	0	0	0	0	21
miRNA0882	0	0	0	0	0	0	0	21
miRNA0883	0	0	1	0	0	0	0	21
miRNA0884	0	0	0	0	0	0	0	21
miRNA0885	0	0	0	0	0	0	0	21
miRNA0886	0	0	0	0	0	0	0	21
miRNA0887	15	9	55	22	29	78	17	21
miRNA0888	0	0	0	0	0	0	0	21
miRNA0889	0	0	0	0	0	0	0	21
miRNA0890	0	0	0	0	0	0	0	21
miRNA0891	1	0	0	0	0	0	0	21
miRNA0892	0	0	0	1	0	0	0	21
miRNA0893	0	0	0	0	1	0	0	21
miRNA0894	0	0	0	0	0	0	0	21
miRNA0895	4	1	13	0	1	0	0	21
miRNA0896	0	0	0	0	0	0	0	21
miRNA0897	0	0	0	0	0	0	0	21
miRNA0898	0	0	0	0	0	0	0	21
miRNA0899	0	0	0	0	0	0	0	21
miRNA0900	0	0	0	0	0	0	0	21
miRNA0901	0	0	0	0	0	0	0	21
miRNA0902	0	0	0	0	0	0	0	21
miRNA0903	0	0	0	0	0	0	0	21
miRNA0904	0	0	0	0	0	0	0	21
miRNA0905	7	9	12	6	11	3	4	21
miRNA0906	6	3	14	3	3	16	43	21
miRNA0907	0	0	1	0	1	0	0	21
miRNA0908	8	1	3	1	1	3	4	21
miRNA0909	0	0	0	0	0	0	2	21
miRNA0910	1	0	1	0	1	0	0	21
miRNA0911	0	0	0	0	0	0	0	21
miRNA0912	0	0	0	0	0	0	0	21
miRNA0913	2	0	1	0	4	1	1	21
miRNA0914	0	0	0	0	0	0	0	21
miRNA0915	0	0	0	0	0	0	0	21
miRNA0916	0	0	0	0	0	0	0	21
miRNA0917	0	0	1	0	0	0	0	21
miRNA0918	1	0	0	0	1	0	1	21
miRNA0919	0	0	0	0	0	0	0	21
miRNA0920	0	0	0	0	0	0	0	21
miRNA0921	26	15	18	8	22	95	235	21
miRNA0922	108	51	204	63	168	3398	4364	21
miRNA0923	4	0	0	0	1	0	2	21
miRNA0924	0	0	0	0	0	0	0	21
miRNA0925	0	0	0	0	0	0	0	21
miRNA0926	0	0	0	0	0	0	0	21
miRNA0927	0	0	0	0	0	0	0	21
miRNA0928	0	0	0	0	0	0	0	21
miRNA0929	0	0	0	0	0	0	0	21
miRNA0930	4	0	5	1	6	0	0	21
miRNA0931	0	0	0	0	0	0	0	21
miRNA0932	0	0	0	0	0	0	0	21
miRNA0933	0	0	0	0	0	0	0	21
miRNA0934	0	0	0	0	0	0	0	21
miRNA0935	4	1	4	0	6	1	0	21
miRNA0936	1	0	0	0	3	0	2	21
miRNA0937	0	0	0	0	0	0	0	21
miRNA0938	0	0	0	0	0	0	0	21
miRNA0939	0	0	0	0	0	0	0	21
miRNA0940	0	0	0	0	0	0	0	21
miRNA0941	0	0	0	0	0	0	0	21
miRNA0942	0	0	0	0	0	0	0	21
miRNA0943	0	0	0	0	0	0	0	21
miRNA0944	0	0	0	0	0	0	0	21
miRNA0945	0	0	0	0	0	0	0	21
miRNA0946	0	0	0	0	0	0	0	21
miRNA0947	0	0	0	0	0	0	0	21
miRNA0948	0	0	0	0	0	0	0	21
miRNA0949	0	0	0	0	0	0	0	21
miRNA0950	0	0	0	0	0	0	0	21
miRNA0951	0	0	0	0	0	0	0	21
miRNA0952	0	0	0	0	0	0	0	21
miRNA0953	0	0	0	0	0	0	0	21
miRNA0954	0	0	0	0	0	0	0	21
miRNA0955	11	3	26	5	15	4	4	21
miRNA0956	1969	482	1978	309	1418	708	1930	21
miRNA0957	0	1	0	1	2	2	0	21
miRNA0958	0	0	0	0	0	0	1	21
miRNA0959	0	0	0	0	0	0	0	21
miRNA0960	0	0	0	0	0	0	0	21
miRNA0961	2	1	2	0	1	1	0	21
miRNA0962	0	0	2	0	0	0	0	21
miRNA0963	0	0	0	0	0	0	0	21
miRNA0964	0	0	0	0	0	0	0	21
miRNA0965	1	0	0	0	0	0	0	21
miRNA0966	0	0	0	0	0	0	0	21
miRNA0967	0	0	0	0	0	0	0	21
miRNA0968	2	0	0	0	1	0	0	21
miRNA0969	0	0	0	0	0	0	0	21
miRNA0970	0	0	0	0	0	0	0	21
miRNA0971	0	0	0	0	0	0	0	21
miRNA0972	0	0	0	0	0	0	0	21
miRNA0973	1	0	1	0	1	6	13	21
miRNA0974	0	1	0	0	0	4	1	21
miRNA0975	356	11	122	13	103	16	57	21
miRNA0976	188	6	321	8	98	4	59	21
miRNA0977	0	0	0	0	0	0	0	21
miRNA0978	0	0	0	0	0	0	1	21
miRNA0979	0	0	0	0	0	0	0	21
miRNA0980	0	1	0	2	0	0	0	21
miRNA0981	0	0	0	0	0	0	0	21
miRNA0982	0	0	0	0	0	0	0	21
miRNA0983	24	5	30	5	26	5	20	21
miRNA0984	11043	758	5662	1290	8944	489	1145	21
miRNA0985	0	0	0	0	0	0	0	21
miRNA0986	0	0	0	0	0	0	0	21
miRNA0987	655	66	499	62	276	245	866	21
miRNA0988	4280	1009	4085	739	4502	690	1472	21
miRNA0989	0	0	0	0	0	0	0	21
miRNA0990	0	0	0	0	0	0	0	21
miRNA0991	0	5	0	3	0	5	11	21
miRNA0992	0	0	0	0	0	0	1	21
miRNA0993	0	0	0	0	0	0	0	21
miRNA0994	0	0	0	0	0	0	0	21
miRNA0995	0	0	0	0	0	0	0	21
miRNA0996	0	0	0	0	0	0	0	21
miRNA0997	7	0	13	0	2	1	11	21
miRNA0998	281	40	366	32	176	33	11	21
miRNA0999	0	0	0	0	0	0	0	21
miRNA1000	0	0	0	0	0	0	0	21
miRNA1001	0	0	0	0	0	0	0	21
miRNA1002	0	0	1	0	3	0	0	21
miRNA1003	0	0	0	0	0	0	0	21
miRNA1004	0	0	0	0	0	0	0	21
miRNA1005	0	0	0	0	0	0	0	21
miRNA1006	0	0	0	0	0	0	0	21
miRNA1007	0	0	0	0	0	0	0	21
miRNA1008	0	0	0	0	0	0	0	21
miRNA1009	0	0	0	0	0	0	0	21
miRNA1010	0	0	0	0	0	0	0	21
miRNA1011	0	0	0	0	0	0	0	21
miRNA1012	0	0	0	0	0	0	0	21
miRNA1013	25660	1105	17449	763	11747	3452	4787	21
miRNA1014	45559	6912	34134	3958	27670	8828	11272	21
miRNA1015	25660	1105	17449	763	11747	3452	4787	21
miRNA1016	374	1	751	7	307	128	94	21
miRNA1017	22	0	13	4	13	8	17	21
miRNA1018	0	0	0	0	0	0	0	21
miRNA1019	65	6	66	3	31	40	75	21
miRNA1020	33646	3602	24850	2175	24515	1951	2462	21
miRNA1021	0	0	0	0	0	0	0	21
miRNA1022	323	30	715	39	243	1	0	21
miRNA1023	95	4	115	2	51	4	14	21
miRNA1024	4198	1785	5598	1311	4114	5218	9011	21
miRNA1025	45	3	40	4	29	8	19	21
miRNA1026	731	407	1132	493	638	4927	6304	21
miRNA1027	217	11	191	3	128	28	21	21
miRNA1028	45559	6912	34134	3958	27670	8828	11272	21
